0.4000000059604645
0.800000011920929
1.2000000476837158
0.800000011920929
0.800000011920929
1.100000023841858
0.8999999761581421
1.899999976158142
2.200000047683716
0.30000001192092896
0.10000000149011612
0.6000000238418579
1.899999976158142
5.0
1.7999999523162842
1.2000000476837158
0.5
0.30000001192092896
1.600000023841858
0.30000001192092896
0.800000011920929
2.0
2.5999999046325684
1.7999999523162842
0.0
7.099999904632568
2.0999999046325684
1.100000023841858
1.2999999523162842
0.6000000238418579
1.100000023841858
2.5
1.5
3.0
2.0
1.2999999523162842
1.600000023841858
1.2000000476837158
3.0
1.2000000476837158
1.899999976158142
1.399999976158142
1.399999976158142
2.200000047683716
0.800000011920929
1.0
2.299999952316284
1.2999999523162842
2.5999999046325684
8.399999618530273
0.30000001192092896
0.699999988079071
2.5
2.299999952316284
0.6000000238418579
1.100000023841858
1.100000023841858
6.300000190734863
1.7000000476837158
1.2999999523162842
1.2999999523162842
3.4000000953674316
5.099999904632568
1.0
0.8999999761581421
0.800000011920929
5.800000190734863
1.600000023841858
0.30000001192092896
1.899999976158142
0.4000000059604645
0.10000000149011612
2.299999952316284
1.5
2.5
1.100000023841858
3.200000047683716
0.0
1.7000000476837158
0.699999988079071
3.4000000953674316
0.699999988079071
9.399999618530273
4.0
2.0
2.299999952316284
2.9000000953674316
1.899999976158142
1.7999999523162842
1.7999999523162842
2.9000000953674316
1.399999976158142
1.899999976158142
3.0999999046325684
15.5
3.0
4.199999809265137
1.7000000476837158
6.300000190734863
1.0
2.799999952316284
1.100000023841858
1.0
0.8999999761581421
6.0
2.9000000953674316
1.7999999523162842
1.7000000476837158
0.4000000059604645
2.200000047683716
