3.0999999046325684
1.2999999523162842
8.100000381469727
3.4000000953674316
9.399999618530273
6.599999904632568
0.8999999761581421
3.4000000953674316
6.599999904632568
4.300000190734863
2.200000047683716
0.5
0.20000000298023224
9.100000381469727
5.5
1.7999999523162842
3.9000000953674316
3.700000047683716
5.800000190734863
0.30000001192092896
1.899999976158142
2.799999952316284
4.400000095367432
5.599999904632568
6.800000190734863
2.9000000953674316
10.100000381469727
4.599999904632568
13.5
2.799999952316284
3.0
1.2000000476837158
1.100000023841858
0.0
7.099999904632568
6.300000190734863
3.5
6.400000095367432
4.900000095367432
3.200000047683716
0.20000000298023224
4.5
8.5
1.7000000476837158
1.7999999523162842
4.900000095367432
4.0
1.5
13.0
4.0
3.9000000953674316
6.199999809265137
2.0
3.5999999046325684
1.399999976158142
6.0
4.300000190734863
3.9000000953674316
1.7000000476837158
17.700000762939453
1.100000023841858
3.0
2.299999952316284
4.900000095367432
4.199999809265137
1.7999999523162842
5.5
0.699999988079071
1.2999999523162842
11.699999809265137
10.0
5.699999809265137
1.5
5.800000190734863
4.0
1.0
9.600000381469727
2.0
7.599999904632568
1.399999976158142
2.299999952316284
0.4000000059604645
7.300000190734863
7.099999904632568
10.800000190734863
15.199999809265137
8.5
3.700000047683716
2.200000047683716
10.199999809265137
6.800000190734863
9.0
1.2999999523162842
6.400000095367432
6.099999904632568
7.0
8.399999618530273
4.800000190734863
3.5999999046325684
8.100000381469727
2.0
1.899999976158142
4.800000190734863
5.400000095367432
1.0
1.7000000476837158
4.0
4.099999904632568
7.699999809265137
4.099999904632568
